109128002
-2097463486
-754987826
-831251713
-778475832
-17404098
20641606
804449814
-40243064
8009770
-1019377964
1920911555
715875200
-1885094666
1129794178
-566233830
1516344362
-348023517
-1814783745
514658204
-322411558
1060274257
1326956195
702969581
1520306281
-1899806955
1842137008
1798079177
-1074288104
-388979440
404302554
1359853113
1190624173
-365938628
-457369592
-1341562623
-1291210526
-1473056375
204762972
1429627996
344979199
-1371868504
1514251377
558173930
1362711493
798377253
1848447459
-1104264215
415141518
-1487014213
900170003
-1739497053
-560363599
742008547
-1746474453
166042407
-103800277
-488580690
1518383199
1689958715
1917952891
1898882004
1207230070
-1248823664
-1041257012
-1441430517
756164488
755690295
-1008060327
26181021
110276617
800963411
-1147655668
-1534605260
-1613896955
1076821264
657226344
1552328952
1583077293
-1907488301
-1993212759
253315291
961219345
-1226199373
1616263466
-1632625613
491876910
-1770754010
-1145177851
-79450232
-1100077013
1813828863
-1331402752
632876463
318848223
-2144670569
112193703
-151309545
817063830
569607242
-1183435084
1683210850
-924868075
-507199451
291165111
1391160887
483192794
557255389
-1702184462
2111605845
-2111384153
1535676674
-795844219
2047378924
-905493183
1062779763
-31775798
306551079
1758265717
-293839596
1163290882
1924046861
-1222263205
2130347966
-1680634832
1546121353
761496030
1691171959
2010356037
-1362515514
-173471621
1845521122
434915708
1678836416
-2014236088
-713231368
-2016026105
-977310184
1622260791
-76241928
434493675
-1788369113
-132527717
406804380
-1231789017
-1877607340
1626407403
-1094139763
-1398188260
1921149610
-618379578
-240026345
1603203624
1645239972
-346470857
-1858242784
1611630739
2127113803
1857187129
-615203242
-257089362
-809787262
-1400832387
-377794137
-1777307079
-1224993376
-1623502486
-1913156618
335472389
2049320255
-555123356
-1599723510
-602045990
419022163
-1852115632
-529133622
1740689306
-491041155
513529688
-1485477209
-2023209307
-845221471
-1354173205
536649560
1401272447
654144181
-1462905081
-1189397299
-250103376
-2137441060
-1660403014
-1036648867
-1012390933
-736615501
-629079579
1225023297
1269700210
1397188073
-333319101
890204485
-698017608
-1224424171
1833807017
-1078269252
824263495
-1593784637
-2038620530
-1694720077
-800943388
-1422167345
-439607346
-1703552406
-1217934864
2086544118
-836386134
1977960191
-6061040
-282445911
-481440749
673146476
259809296
1717421604
689228327
-1641628493
-1851038716
1928106943
-2066182405
1843146327
1897529264
1098707588
977998747
1716732174
-1127001815
-352496896
-476706994
878523315
1538428859
-333406370
1502711582
2006524289
265470221
769438641
-1222051434
1585882238
56761475
1055360912
-210736435
-973362380
633192675
-1998267161
-1801796445
1899328934
383819834
1690273804
1529827146
-154669694
2054866432
1170646288
-590158328
-1557279342
-374056070
-1546105257
1089514554
-1225831304
-1661858209
-1888966549
1540001435
-478396774
1948695998
-1211279604
1849300166
-902700198
-2036821730
1109569419
-840022279
64213386
-2000822810
-828294057
-1552176101
256030495
1916305151
-124820008
-44063745
-1682776028
356287159
325342331
1902682602
1347401968
639193832
-747741171
-318174382
1213775770
1131068249
1923129421
-1322074392
2056755373
1206481507
273707707
-1816819752
-1529464040
-735508521
-303756874
-822410929
-1023973528
-83141089
-2146936635
-39932355
-1262297544
495980962
1695150644
1913211228
1352272359
-1138199955
1394190818
1193447791
-2090791029
-1424034801
889786713
782046671
1110670118
657143747
2141200671
-946616541
1748695831
-1657137964
1837278027
-714518418
1165090515
386089789
963195738
-279610290
-1182642988
-1954771825
-1488328893
-1525863807
-2087820335
1490331415
-1841695288
-793405012
-1279476946
-610394305
-1215107570
438045015
1495791285
-25889996
1568363631
121043004
92758406
888128713
-1801734001
1518764736
718390348
911721882
-540632915
-1254251071
-1116017999
-156188300
-1041586629
1098279314
-1426093037
1900866292
-1475592273
-1672529597
1333431159
1572753005
-2089012325
-521147867
288998077
-2001596657
760160507
-396806260
100125973
1415565892
-394655539
-422988074
365135025
-1980105379
1898833127
581928876
2062886844
-1120818835
2002081796
-1295104889
1857674
-961842827
-189478113
-441125002
-1546556144
1752202945
-430011388
337123101
-1173896811
-902203503
-1036926685
1449119744
-1843002711
-920177670
-717994330
-1812259327
-1543200170
-514368242
738511046
487356967
1262611605
-301901254
-324817062
-317906784
-614568189
-257281809
631680688
-1823460599
-16013356
935606917
601100704
-853591317
-1119735801
1928975451
-916451107
549310600
1985205467
-978293182
718785422
1228564952
-1249815423
-1723622629
-1301629667
1288607182
-941444590
-1773271106
603753549
2062624735
-756263742
-1320125411
1349988242
-530507836
1120560726
-379237719
-428547428
-1768416899
779035859
699453939
1053874484
-1920978535
63445879
-2044332906
-30074036
1782041012
-312903955
-1002460331
-157673904
-127661759
-625088325
650057087
2115858370
-1656129911
-1971532290
-896554086
-388305659
-1461771277
-57701031
1894348864
-2100591496
965799301
487219243
1642298179
710667206
1604946602
2095839999
-1859740905
-173197445
-39487435
-2024093368
1855178865
1619484635
-2026111322
-1295142835
-994691029
-1188118802
-1174677333
-754348702
-788211862
-1949639713
-64143896
2042356568
-595304958
-400681082
-2122099206
-2096207050
680370968
-1590489533
893605817
-1189708760
160569352
1000194829
-953689923
1337884343
-1292726903
-1573132342
-408219357
-1175003334
295347983
-62859552
-1714743407
-1814088821
1364566128
118428171
-1610131082
-1687189506
1626819018
472537713
277271446
-1389033585
901668259
-592792077
1833619141
-1540066470
1292080464
961148357
-1588976398
-1237836465
1050353563
-307588544
-1500687769
1207327269
1082416543
1343221750
-1943808178
1238933135
-1881273865
-1448254970
156216694
1979366317
2043883031
-667779662
-1110714793
1971121861
-1953003015
1150325550
-371243693
767211570
2026918395
-564240454
-1942115778
-1734103653
-433035513
-1275310862
-204742624
1704115048
954035444
1861013860
2021000249
-1261205134
883254059
-956709277
77691204
114095865
-647847027
1324926746
-1331340545
-1681727014
-43619436
-1869746973
-11000341
563129601
1705006008
-1838318375
1718196048
2095135259
112941331
-1013818709
321653124
-2105521520
47144263
384324787
752930923
-1901298768
1473265823
1799789894
-724608447
-2096082388
-372114828
1283982669
2057771158
-209975097
600527825
-1588343788
-1255639654
1155601996
938944601
-16574366
470899098
-2069127486
-1601285783
2134666952
-720501558
-2019212322
-795697287
44022078
-633913020
-498071368
-1660582457
-1905085461
-239914672
-262193983
1064000566
-1041837245
-610386458
14655988
-2061083790
1737422679
699787632
-402701748
-901597352
-1439924121
1268222675
1903732853
1677687701
106993852
-1493093200
783052742
-1510601076
1581762484
-1516024602
-860922003
1585217149
-1781325282
-839542693
-532511509
-1845691166
1746119623
-1704280324
-82968125
331295772
467779157
1854508033
-305233811
-213507249
-627865262
-467440011
-1850702703
1244679305
2064842635
-1739325963
-15463823
-441155287
-137050725
-2006087753
480651686
1386875006
-1271466558
515041230
1181069070
-1581294418
1994902778
-167824725
-66919932
-1789011495
811701580
-1904217370
274327762
32947069
2005557599
615448382
1808433251
-833090533
542862673
1392848094
-1071187140
-361862374
-1973602103
1588552162
1780464557
-1715286804
-1409110452
203672600
2024774979
-766404241
1975446480
-1576189942
1918960000
306891925
-1051295602
-1545665476
-376802355
-1239351994
-2002373604
-1715237711
1864177839
1850175108
-802772294
-2051216716
-1769055175
1197313744
1578466027
100005076
-670460991
-1165456948
-1532917689
1991207727
2007860950
1151455265
-318654577
186948595
-1402662032
199997858
-533049342
-260617183
-30842519
-2090097231
-1580818962
1214965908
-579905236
-1021624863
1168222857
-1884077246
1667846571
1528348380
125967617
-988061504
-941545066
-937923705
701143248
403511819
-1526841399
-824734109
955329877
-1102408060
-1903296763
-176968394
-516576608
-835263940
-1197674270
177132265
-374870131
488318066
-2087089148
1163137972
-302217965
1806318169
1377382797
-2063749257
1505696477
-421742051
1357581778
-1263503765
139966746
-1134845400
212586576
1603687417
-279921775
1213216928
1002991328
995894249
-661067273
181657396
-401774550
1792357823
-2107752060
-173875432
-1295828649
-1446436255
1590903747
-614370995
-785384694
-1944659971
-1594237271
2029160229
1348557200
-1214119895
-1850981911
458495750
1570856021
539894859
852309382
-1318260370
-1607749479
278737978
-1290877527
-713792970
-136287388
1547522853
-329820236
895230490
1057781431
-1221849421
918191254
-1322689416
2049908227
-1668062100
-209972128
-2119053993
1663528414
-1494795946
-605448424
-33670230
-1666491660
126887907
-264333619
-505162794
1922425915
987416586
-930689301
-780523918
-1430739862
-388966989
-2050927408
-1020539059
330335915
2115230039
162381214
-914618188
-1425763698
-1356384537
-656061101
-1233408268
215024449
923911917
-630226154
1502378013
-2068832770
-2044895759
1528993490
-1128700919
1555397572
821880349
1997913096
634890396
-1285047735
436727587
-1988870687
-1726767540
804243502
-3876770
274581634
-759074589
-881573772
870906167
-1334742109
-847144829
-1156937426
1049127882
-1486462366
-599433494
1712236920
-2136646200
267258964
-1782582025
-1941042521
300485534
944341981
2090130541
226531521
89049558
-373535295
-1386436107
-1689323985
-1976844098
-1633903110
1705337705
1742452400
2021932614
543821259
-308019633
934335889
1531560494
206642965
362857123
777116443
-148166560
202580200
-662661672
-70884021
1129485722
-1062254243
-630623711
1987577800
1359153743
346232994
-174027284
318355217
1640087503
-362456747
749008814
1912484597
2010493861
1914720790
2138155493
1998988360
-1263925953
1155857494
-419538086
279306707
1917192660
752505973
1036423079
1129189516
-354927998
243865356
43166712
-545156346
-1853923147
412450694
-1808329707
-581534678
-1135631153
1782438901
-306605153
398915879
-1891147003
252578338
-1165125735
-2085460314
79817351
480588262
1184627754
247334210
-1472951581
527192247
-841780576
-1087897289
-303787093
-638489979
-1085619272
529973592
-1140118956
-1048284218
-389123556
1410969926
-1849288095
116410575
893878572
-1221592354
-58522688
1559971430
-1157536768
-1845697805
-1618703501
-452962412
-1833871187
1629011261
-1191742862
-1649767234
629257160
1256762256
-1224231217
-1645572106
-477634520
-1806263216
1673798427
534678158
1026823918
1348877347
1654714376
-1982181394
632689609
-2051354903
72375375
-129572441
-1304278666
233645032
-810393901
1458413767
-1093182842
1959795019
-418719994
2092220526
81517155
-1128963379
-1447043189
1863830945
786995860
-1079277647
-2099763427
2080399453
529795135
-1211544587
-980716626
374360559
-1957208593
-1993738042
968209363
-995109758
-403788393
-1434372042
-1675672994
1078454265
-1977547049
-463177684
-795656116
1933125631
367934845
-1361901413
-270063391
169762651
1760826445
1197828341
950338577
33148040
733270021
-199264030
